0,[3, 19, 5, 15]; 1,[0, 17, 6, 11]; 2,[12, 15, 9, 5]; 3,[10, 2, 0, 7]; 4,[6, 8, 4, 0]; 5,[3, 1, 12, 17]; 6,[20, 16, 0, 0]; 7,[0, 1, 9, 0]; 8,[17, 16, 0, 8];
9,[18, 15, 15, 17]; 10,[4, 9, 8, 16]; 11,[0, 11, 17, 20]; 12,[5, 6, 5, 19]; 13,[10, 11, 1, 4]; 14,[16, 2, 3, 5]; 15,[9, 20, 10, 11]; 16,[11, 3, 13,
3]; 17,[0, 2, 16, 2]; 18,[11, 18, 16, 5]; 19,[11, 20, 13, 15]; 20,[16, 18, 11, 1]; 21,[10, 8, 12, 3]; 22,[17, 18, 17, 18]; 23,[7, 17, 0, 17];
24,[20, 16, 18, 4]; 25,[2, 14, 4, 13]; 26,[1, 6, 7, 2]; 27,[18, 8, 6, 9]; 28,[6, 10, 12, 16]; 29,[2, 20, 11, 20]; 30,[1, 5, 12, 10]; 31,[2, 7, 10, 9];
32,[8, 17, 11, 12]; 33,[0, 11, 12, 20]; 34,[15, 2, 0, 3]; 35,[18, 10, 10, 8]; 36,[14, 6, 17, 9]; 37,[15, 7, 3, 8]; 38,[15, 3, 6, 0]; 39,[4, 11, 2,
15]; 40,[0, 5, 1, 1]; 41,[14, 10, 15, 8]; 42,[3, 8, 18, 5]; 43,[8, 11, 0, 13]; 44,[3, 11, 13, 8]; 45,[17, 1, 4, 2]; 46,[2, 13, 2, 0]; 47,[20, 0, 16,
18]; 48,[8, 13, 15, 17]; 49,[4, 13, 8, 8]; 50,[19, 20, 17, 5]; 51,[5, 19, 8, 1]; 52,[13, 17, 4, 5]; 53,[15, 0, 16, 8]; 54,[5, 4, 1, 2]; 55,[7, 11, 0,
15]; 56,[9, 12, 4, 7]; 57,[12, 7, 8, 8]; 58,[2, 17, 12, 19]; 59,[1, 9, 3, 6]; 60,[12, 10, 8, 19]; 61,[4, 11, 11, 5]; 62,[0, 17, 17, 13]; 63,[0, 4, 12,
8]; 64,[16, 20, 11, 4]; 65,[0, 18, 20, 15]; 66,[9, 6, 11, 8]; 67,[4, 5, 15, 18]; 68,[8, 7, 19, 11]; 69,[20, 11, 5, 0]; 70,[3, 0, 2, 8]; 71,[13, 11, 0,
2]; 72,[0, 13, 5, 17]; 73,[13, 5, 0, 2]; 74,[2, 0, 17, 7]; 75,[7, 9, 16, 7]; 76,[11, 16, 8, 1]; 77,[18, 19, 12, 6]; 78,[2, 7, 20, 2]; 79,[9, 15, 19, 8];
80,[0, 11, 12, 15]; 81,[8, 20, 4, 18]; 82,[17, 0, 20, 13]; 83,[7, 18, 0, 4]; 84,[11, 10, 8, 8]; 85,[15, 17, 1, 15]; 86,[9, 8, 7, 12]; 87,[1, 13, 11,
3]; 88,[3, 19, 11, 6]; 89,[20, 17, 0, 16]; 90,[5, 12, 17, 2]; 91,[12, 16, 0, 15]; 92,[18, 12, 8, 2]; 93,[13, 0, 0, 11]; 94,[18, 8, 4, 1]; 95,[7, 0, 5,
4]; 96,[3, 11, 20, 14]; 97,[2, 10, 18, 10]; 98,[11, 4, 0, 9]; 99,[0, 0, 17, 17]